uzorak1<-c(9.81, 9.83, 10.43, 11.13, 9.70, 9.59, 10.88, 10.97, 9.35, 9.34, 9.41, 9.95, 11.03, 10.12, 9.33, 9.73, 10.17, 9.48,
           10.89, 10.11, 10.30, 8.87, 9.51, 10.42, 10.02, 10.84, 9.96, 10.15, 10.64, 11.30)
uzorak2<-c(9.85, 9.30, 9.08, 8.07, 9.22, 9.55, 7.88, 7.84, 8.50, 11.95, 10.92, 9.78, 10.61, 9.49, 7.81, 8.90, 8.60, 8.50, 9.31,
           9.97, 8.89, 8.87, 7.23, 7.82, 7.65, 9.11, 8.65, 6.30, 9.38, 8.31, 10.48, 10.56, 9.96, 8.84, 9.10, 11.07, 9.84, 9.75,
           9.07, 9.09, 8.96, 8.11, 8.17, 9.73, 9.06, 8.40, 11.12, 9.38, 7.26, 8.69)